{
  "camera_model": "OPENCV",
  "frames": [
    {
  "cx" : 2016,
  "p2" : 0.00024341400000000001,
  "w" : 4032,
  "fl_x" : 8532.6486486486483,
  "file_path" : "images\/IMG_0010.JPG",
  "cy" : 1512,
  "h" : 3024,
  "k3" : 240.886,
  "transform_matrix" : [
    [
      0.55051177740097046,
      0.36122354865074158,
      -0.7526315450668335,
      -0.79547059535980225
    ],
    [
      0.019449055194854736,
      0.89574742317199707,
      0.44413763284683228,
      0.57752442359924316
    ],
    [
      0.83460080623626709,
      -0.25914096832275391,
      0.48609405755996704,
      0.55613905191421509
    ],
    [
      0,
      0,
      0,
      1
    ]
  ],
  "fl_y" : 8532.6486486486483,
  "k2" : -20.487300000000001,
  "k1" : 0.54701900000000003,
  "p1" : -0.060372599999999998
},
    {
  "file_path" : "images\/IMG_0001.JPG",
  "fl_x" : 8532.6486486486483,
  "w" : 4032,
  "k1" : 0.54701900000000003,
  "transform_matrix" : [
    [
      0.95175981521606445,
      -0.22038759291172028,
      0.21350066363811493,
      0.21758356690406799
    ],
    [
      0.014406859874725342,
      0.72712397575378418,
      0.68635499477386475,
      0.74566680192947388
    ],
    [
      -0.30650556087493896,
      -0.6501692533493042,
      0.69522249698638916,
      0.70067644119262695
    ],
    [
      0,
      0,
      0,
      1
    ]
  ],
  "cy" : 1512,
  "p2" : 0.00024341400000000001,
  "cx" : 2016,
  "fl_y" : 8532.6486486486483,
  "h" : 3024,
  "k3" : 240.886,
  "p1" : -0.060372599999999998,
  "k2" : -20.487300000000001
},
    {
  "cy" : 1512,
  "cx" : 2016,
  "k2" : -20.487300000000001,
  "h" : 3024,
  "file_path" : "images\/IMG_0007.JPG",
  "p1" : -0.060372599999999998,
  "k1" : 0.54701900000000003,
  "fl_x" : 8532.6486486486483,
  "fl_y" : 8532.6486486486483,
  "k3" : 240.886,
  "p2" : 0.00024341400000000001,
  "w" : 4032,
  "transform_matrix" : [
    [
      0.90296101570129395,
      0.22791236639022827,
      -0.36430391669273376,
      -0.28714242577552795
    ],
    [
      0.022572189569473267,
      0.82143968343734741,
      0.56984853744506836,
      0.59319144487380981
    ],
    [
      0.4291292130947113,
      -0.5227741003036499,
      0.73658353090286255,
      0.67867559194564819
    ],
    [
      0,
      0,
      0,
      1
    ]
  ]
},
    {
  "k2" : -20.487300000000001,
  "fl_x" : 8532.6486486486483,
  "file_path" : "images\/IMG_0014.JPG",
  "cx" : 2016,
  "p1" : -0.060372599999999998,
  "h" : 3024,
  "k3" : 240.886,
  "p2" : 0.00024341400000000001,
  "k1" : 0.54701900000000003,
  "cy" : 1512,
  "w" : 4032,
  "transform_matrix" : [
    [
      0.25946146249771118,
      -0.80830991268157959,
      0.52850252389907837,
      0.58173531293869019
    ],
    [
      -0.03636014461517334,
      0.53867959976196289,
      0.84172576665878296,
      1.0072728395462036
    ],
    [
      -0.9650687575340271,
      -0.23761183023452759,
      0.11037635803222656,
      0.10609189420938492
    ],
    [
      0,
      0,
      0,
      1
    ]
  ],
  "fl_y" : 8532.6486486486483
},
    {
  "cy" : 1512,
  "k1" : 0.54701900000000003,
  "transform_matrix" : [
    [
      -0.95676875114440918,
      0.11194220185279846,
      -0.26844453811645508,
      -0.17479477822780609
    ],
    [
      0.014636356383562088,
      0.94032818078994751,
      0.33995398879051208,
      0.36695384979248047
    ],
    [
      0.29048115015029907,
      0.32132831215858459,
      -0.90131497383117676,
      -0.74067115783691406
    ],
    [
      0,
      0,
      0,
      1
    ]
  ],
  "fl_y" : 8532.6486486486483,
  "k3" : 240.886,
  "cx" : 2016,
  "k2" : -20.487300000000001,
  "p2" : 0.00024341400000000001,
  "w" : 4032,
  "file_path" : "images\/IMG_0000.JPG",
  "h" : 3024,
  "p1" : -0.060372599999999998,
  "fl_x" : 8532.6486486486483
},
    {
  "k3" : 240.886,
  "cx" : 2016,
  "p2" : 0.00024341400000000001,
  "h" : 3024,
  "k2" : -20.487300000000001,
  "cy" : 1512,
  "fl_x" : 8532.6486486486483,
  "w" : 4032,
  "file_path" : "images\/IMG_0013.JPG",
  "transform_matrix" : [
    [
      0.31707501411437988,
      0.51412355899810791,
      -0.79695695638656616,
      -0.77546769380569458
    ],
    [
      -0.065326958894729614,
      0.85016071796417236,
      0.52245485782623291,
      0.55551803112030029
    ],
    [
      0.9461478590965271,
      -0.11359462141990662,
      0.30315089225769043,
      0.26130449771881104
    ],
    [
      0,
      0,
      0,
      1
    ]
  ],
  "p1" : -0.060372599999999998,
  "k1" : 0.54701900000000003,
  "fl_y" : 8532.6486486486483
},
    {
  "cy" : 1512,
  "fl_x" : 8532.6486486486483,
  "p1" : -0.060372599999999998,
  "k3" : 240.886,
  "file_path" : "images\/IMG_0002.JPG",
  "p2" : 0.00024341400000000001,
  "k1" : 0.54701900000000003,
  "fl_y" : 8532.6486486486483,
  "cx" : 2016,
  "h" : 3024,
  "transform_matrix" : [
    [
      0.7236485481262207,
      -0.34593421220779419,
      0.59721207618713379,
      0.55437338352203369
    ],
    [
      -0.0017924308776855469,
      0.86436831951141357,
      0.50285601615905762,
      0.53179097175598145
    ],
    [
      -0.69016635417938232,
      -0.36496150493621826,
      0.62487888336181641,
      0.56490206718444824
    ],
    [
      0,
      0,
      0,
      1
    ]
  ],
  "w" : 4032,
  "k2" : -20.487300000000001
},
    {
  "p1" : -0.060372599999999998,
  "w" : 4032,
  "cy" : 1512,
  "file_path" : "images\/IMG_0003.JPG",
  "fl_x" : 8532.6486486486483,
  "k2" : -20.487300000000001,
  "h" : 3024,
  "p2" : 0.00024341400000000001,
  "fl_y" : 8532.6486486486483,
  "k1" : 0.54701900000000003,
  "cx" : 2016,
  "transform_matrix" : [
    [
      -0.63798391819000244,
      0.56829154491424561,
      -0.51963555812835693,
      -0.48424679040908813
    ],
    [
      0.1096198558807373,
      0.73495990037918091,
      0.66919159889221191,
      0.69916576147079468
    ],
    [
      0.7622072696685791,
      0.36997112631797791,
      -0.53118860721588135,
      -0.53695541620254517
    ],
    [
      0,
      0,
      0,
      1
    ]
  ],
  "k3" : 240.886
},
    {
  "p2" : 0.00024341400000000001,
  "h" : 3024,
  "cy" : 1512,
  "file_path" : "images\/IMG_0012.JPG",
  "k3" : 240.886,
  "fl_x" : 8532.6486486486483,
  "p1" : -0.060372599999999998,
  "k1" : 0.54701900000000003,
  "k2" : -20.487300000000001,
  "w" : 4032,
  "fl_y" : 8532.6486486486483,
  "transform_matrix" : [
    [
      0.4668118953704834,
      0.38091874122619629,
      -0.798115074634552,
      -0.85172021389007568
    ],
    [
      0.03164394199848175,
      0.89470839500427246,
      0.44552844762802124,
      0.56402719020843506
    ],
    [
      0.88379031419754028,
      -0.23323346674442291,
      0.40560674667358398,
      0.42984947562217712
    ],
    [
      0,
      0,
      0,
      1
    ]
  ],
  "cx" : 2016
},
    {
  "transform_matrix" : [
    [
      0.99207323789596558,
      0.036673873662948608,
      -0.12019013613462448,
      -0.03716321662068367
    ],
    [
      0.03661973774433136,
      0.83057487010955811,
      0.55570173263549805,
      0.57291823625564575
    ],
    [
      0.12020664662122726,
      -0.55569815635681152,
      0.82264816761016846,
      0.77428847551345825
    ],
    [
      0,
      0,
      0,
      1
    ]
  ],
  "p1" : -0.060372599999999998,
  "fl_y" : 8532.6486486486483,
  "cy" : 1512,
  "k3" : 240.886,
  "w" : 4032,
  "k1" : 0.54701900000000003,
  "k2" : -20.487300000000001,
  "p2" : 0.00024341400000000001,
  "fl_x" : 8532.6486486486483,
  "h" : 3024,
  "file_path" : "images\/IMG_0004.JPG",
  "cx" : 2016
},
    {
  "p1" : -0.060372599999999998,
  "cx" : 2016,
  "k1" : 0.54701900000000003,
  "transform_matrix" : [
    [
      -0.13112950325012207,
      0.94524025917053223,
      -0.29887405037879944,
      -0.32060474157333374
    ],
    [
      0.44165563583374023,
      0.32560741901397705,
      0.83601438999176025,
      0.93233263492584229
    ],
    [
      0.88755011558532715,
      -0.022373169660568237,
      -0.46016740798950195,
      -0.46317210793495178
    ],
    [
      0,
      0,
      0,
      1
    ]
  ],
  "h" : 3024,
  "fl_x" : 8532.6486486486483,
  "w" : 4032,
  "k3" : 240.886,
  "fl_y" : 8532.6486486486483,
  "file_path" : "images\/IMG_0008.JPG",
  "cy" : 1512,
  "k2" : -20.487300000000001,
  "p2" : 0.00024341400000000001
},
    {
  "p1" : -0.060372599999999998,
  "k3" : 240.886,
  "cy" : 1512,
  "w" : 4032,
  "cx" : 2016,
  "fl_x" : 8532.6486486486483,
  "k2" : -20.487300000000001,
  "h" : 3024,
  "transform_matrix" : [
    [
      0.14129579067230225,
      -0.61543822288513184,
      0.77541685104370117,
      0.72586405277252197
    ],
    [
      0.04298517107963562,
      0.78635048866271973,
      0.61628341674804688,
      0.62263631820678711
    ],
    [
      -0.98903369903564453,
      -0.053746789693832397,
      0.13756275177001953,
      0.14000874757766724
    ],
    [
      0,
      0,
      0,
      1
    ]
  ],
  "file_path" : "images\/IMG_0015.JPG",
  "k1" : 0.54701900000000003,
  "p2" : 0.00024341400000000001,
  "fl_y" : 8532.6486486486483
},
    {
  "w" : 4032,
  "k2" : -20.487300000000001,
  "k1" : 0.54701900000000003,
  "h" : 3024,
  "k3" : 240.886,
  "file_path" : "images\/IMG_0005.JPG",
  "cy" : 1512,
  "transform_matrix" : [
    [
      -0.74342083930969238,
      -0.58630716800689697,
      0.32182195782661438,
      0.37692362070083618
    ],
    [
      -0.036811619997024536,
      0.51631563901901245,
      0.85560685396194458,
      1.1281224489212036
    ],
    [
      -0.66781020164489746,
      0.62422913312911987,
      -0.40542268753051758,
      -0.52442234754562378
    ],
    [
      0,
      0,
      0,
      1
    ]
  ],
  "p2" : 0.00024341400000000001,
  "fl_x" : 8532.6486486486483,
  "cx" : 2016,
  "fl_y" : 8532.6486486486483,
  "p1" : -0.060372599999999998
},
    {
  "k3" : 240.886,
  "p1" : -0.060372599999999998,
  "h" : 3024,
  "file_path" : "images\/IMG_0006.JPG",
  "w" : 4032,
  "fl_y" : 8532.6486486486483,
  "transform_matrix" : [
    [
      -0.33699703216552734,
      -0.49548476934432983,
      0.80057978630065918,
      0.64914500713348389
    ],
    [
      0.33991926908493042,
      0.72893506288528442,
      0.59422945976257324,
      0.55025404691696167
    ],
    [
      -0.87800228595733643,
      0.47238603234291077,
      -0.077224135398864746,
      -0.10411553084850311
    ],
    [
      0,
      0,
      0,
      1
    ]
  ],
  "cy" : 1512,
  "p2" : 0.00024341400000000001,
  "k1" : 0.54701900000000003,
  "fl_x" : 8532.6486486486483,
  "k2" : -20.487300000000001,
  "cx" : 2016
},
    {
  "p1" : -0.060372599999999998,
  "fl_x" : 8532.6486486486483,
  "w" : 4032,
  "file_path" : "images\/IMG_0009.JPG",
  "p2" : 0.00024341400000000001,
  "cy" : 1512,
  "fl_y" : 8532.6486486486483,
  "k3" : 240.886,
  "transform_matrix" : [
    [
      -0.86639690399169922,
      0.2787703275680542,
      -0.41429835557937622,
      -0.46427929401397705
    ],
    [
      -0.34395450353622437,
      0.26831638813018799,
      0.89983415603637695,
      0.9344673752784729
    ],
    [
      0.36201006174087524,
      0.92211353778839111,
      -0.13658404350280762,
      -0.098506569862365723
    ],
    [
      0,
      0,
      0,
      1
    ]
  ],
  "cx" : 2016,
  "h" : 3024,
  "k1" : 0.54701900000000003,
  "k2" : -20.487300000000001
},
    {
  "transform_matrix" : [
    [
      0.49139344692230225,
      0.39226731657981873,
      -0.77759808301925659,
      -0.63595980405807495
    ],
    [
      0.0409584641456604,
      0.88143247365951538,
      0.47053077816963196,
      0.46297389268875122
    ],
    [
      0.86997407674789429,
      -0.26306495070457458,
      0.41706347465515137,
      0.33857345581054688
    ],
    [
      0,
      0,
      0,
      1
    ]
  ],
  "cy" : 1512,
  "p1" : -0.060372599999999998,
  "p2" : 0.00024341400000000001,
  "h" : 3024,
  "k2" : -20.487300000000001,
  "fl_x" : 8532.6486486486483,
  "k1" : 0.54701900000000003,
  "fl_y" : 8532.6486486486483,
  "w" : 4032,
  "cx" : 2016,
  "file_path" : "images\/IMG_0011.JPG",
  "k3" : 240.886
}
  ],
  "ply_file_path": "reconstruction.ply"
}