{
  "camera_model": "OPENCV",
  "frames": [
    {
  "transform_matrix" : [
    [
      0.49138957262039185,
      0.39226847887039185,
      -0.7775999903678894,
      -0.63596004247665405
    ],
    [
      0.040958479046821594,
      0.88143241405487061,
      0.47053083777427673,
      0.46278923749923706
    ],
    [
      0.8699762225151062,
      -0.26306328177452087,
      0.41705995798110962,
      0.33856958150863647
    ],
    [
      0,
      0,
      0,
      1
    ]
  ],
  "fl_y" : 8532.6486486486483,
  "cy" : 1512,
  "file_path" : "images\/IMG_0011.JPG",
  "k3" : 240.886,
  "k2" : -20.487300000000001,
  "fl_x" : 8532.6486486486483,
  "p2" : 0.00024341400000000001,
  "h" : 3024,
  "k1" : 0.54701900000000003,
  "w" : 4032,
  "cx" : 2016,
  "p1" : -0.060372599999999998
},
    {
  "fl_x" : 8532.6486486486483,
  "k2" : -20.487300000000001,
  "k3" : 240.886,
  "k1" : 0.54701900000000003,
  "w" : 4032,
  "file_path" : "images\/IMG_0013.JPG",
  "cy" : 1512,
  "cx" : 2016,
  "h" : 3024,
  "fl_y" : 8532.6486486486483,
  "p2" : 0.00024341400000000001,
  "transform_matrix" : [
    [
      0.31707084178924561,
      0.51412403583526611,
      -0.796958327293396,
      -0.77546757459640503
    ],
    [
      -0.065326958894729614,
      0.85016071796417236,
      0.52245485782623291,
      0.55533337593078613
    ],
    [
      0.94614923000335693,
      -0.11359232664108276,
      0.30314731597900391,
      0.26130002737045288
    ],
    [
      0,
      0,
      0,
      1
    ]
  ],
  "p1" : -0.060372599999999998
},
    {
  "cy" : 1512,
  "cx" : 2016,
  "h" : 3024,
  "w" : 4032,
  "file_path" : "images\/IMG_0009.JPG",
  "k3" : 240.886,
  "k1" : 0.54701900000000003,
  "fl_y" : 8532.6486486486483,
  "transform_matrix" : [
    [
      -0.86639857292175293,
      0.27876639366149902,
      -0.41429775953292847,
      -0.46427768468856812
    ],
    [
      -0.34395450353622437,
      0.26831626892089844,
      0.89983421564102173,
      0.93428272008895874
    ],
    [
      0.36200636625289917,
      0.9221147894859314,
      -0.13658583164215088,
      -0.098509721457958221
    ],
    [
      0,
      0,
      0,
      1
    ]
  ],
  "k2" : -20.487300000000001,
  "p1" : -0.060372599999999998,
  "fl_x" : 8532.6486486486483,
  "p2" : 0.00024341400000000001
},
    {
  "h" : 3024,
  "w" : 4032,
  "transform_matrix" : [
    [
      0.55050808191299438,
      0.36122468113899231,
      -0.75263375043869019,
      -0.79547178745269775
    ],
    [
      0.019449055194854736,
      0.89574748277664185,
      0.44413763284683228,
      0.577339768409729
    ],
    [
      0.83460325002670288,
      -0.25913935899734497,
      0.48609077930450439,
      0.55613446235656738
    ],
    [
      0,
      0,
      0,
      1
    ]
  ],
  "k3" : 240.886,
  "file_path" : "images\/IMG_0010.JPG",
  "k1" : 0.54701900000000003,
  "k2" : -20.487300000000001,
  "cx" : 2016,
  "p1" : -0.060372599999999998,
  "cy" : 1512,
  "fl_x" : 8532.6486486486483,
  "fl_y" : 8532.6486486486483,
  "p2" : 0.00024341400000000001
},
    {
  "fl_y" : 8532.6486486486483,
  "cy" : 1512,
  "w" : 4032,
  "h" : 3024,
  "file_path" : "images\/IMG_0015.JPG",
  "cx" : 2016,
  "transform_matrix" : [
    [
      0.1412997841835022,
      -0.61543798446655273,
      0.77541643381118774,
      0.72586452960968018
    ],
    [
      0.042985111474990845,
      0.78635048866271973,
      0.61628341674804688,
      0.62245166301727295
    ],
    [
      -0.9890332818031311,
      -0.053749412298202515,
      0.13756579160690308,
      0.14001074433326721
    ],
    [
      0,
      0,
      0,
      1
    ]
  ],
  "fl_x" : 8532.6486486486483,
  "p2" : 0.00024341400000000001,
  "k3" : 240.886,
  "k1" : 0.54701900000000003,
  "p1" : -0.060372599999999998,
  "k2" : -20.487300000000001
},
    {
  "k2" : -20.487300000000001,
  "p2" : 0.00024341400000000001,
  "h" : 3024,
  "cy" : 1512,
  "w" : 4032,
  "transform_matrix" : [
    [
      -0.74341785907745361,
      -0.58630990982055664,
      0.32182371616363525,
      0.3769269585609436
    ],
    [
      -0.036811649799346924,
      0.51631569862365723,
      0.8556067943572998,
      1.1279377937316895
    ],
    [
      -0.66781336069107056,
      0.62422657012939453,
      -0.40542137622833252,
      -0.52442187070846558
    ],
    [
      0,
      0,
      0,
      1
    ]
  ],
  "p1" : -0.060372599999999998,
  "file_path" : "images\/IMG_0005.JPG",
  "fl_y" : 8532.6486486486483,
  "k1" : 0.54701900000000003,
  "cx" : 2016,
  "fl_x" : 8532.6486486486483,
  "k3" : 240.886
},
    {
  "cy" : 1512,
  "k2" : -20.487300000000001,
  "p2" : 0.00024341400000000001,
  "w" : 4032,
  "h" : 3024,
  "p1" : -0.060372599999999998,
  "cx" : 2016,
  "fl_y" : 8532.6486486486483,
  "k3" : 240.886,
  "k1" : 0.54701900000000003,
  "file_path" : "images\/IMG_0002.JPG",
  "fl_x" : 8532.6486486486483,
  "transform_matrix" : [
    [
      0.72365152835845947,
      -0.34593263268470764,
      0.5972093939781189,
      0.55437201261520386
    ],
    [
      -0.0017924308776855469,
      0.86436831951141357,
      0.50285601615905762,
      0.53160631656646729
    ],
    [
      -0.69016319513320923,
      -0.36496299505233765,
      0.62488144636154175,
      0.56490331888198853
    ],
    [
      0,
      0,
      0,
      1
    ]
  ]
},
    {
  "cy" : 1512,
  "fl_y" : 8532.6486486486483,
  "k1" : 0.54701900000000003,
  "w" : 4032,
  "transform_matrix" : [
    [
      -0.1311333179473877,
      0.94524049758911133,
      -0.29887214303016663,
      -0.32060158252716064
    ],
    [
      0.44165551662445068,
      0.32560724020004272,
      0.83601456880569458,
      0.93214797973632812
    ],
    [
      0.8875497579574585,
      -0.022369205951690674,
      -0.46016871929168701,
      -0.46317467093467712
    ],
    [
      0,
      0,
      0,
      1
    ]
  ],
  "k2" : -20.487300000000001,
  "h" : 3024,
  "p2" : 0.00024341400000000001,
  "k3" : 240.886,
  "fl_x" : 8532.6486486486483,
  "cx" : 2016,
  "p1" : -0.060372599999999998,
  "file_path" : "images\/IMG_0008.JPG"
},
    {
  "w" : 4032,
  "p1" : -0.060372599999999998,
  "p2" : 0.00024341400000000001,
  "k1" : 0.54701900000000003,
  "k2" : -20.487300000000001,
  "h" : 3024,
  "cx" : 2016,
  "cy" : 1512,
  "file_path" : "images\/IMG_0014.JPG",
  "fl_x" : 8532.6486486486483,
  "fl_y" : 8532.6486486486483,
  "k3" : 240.886,
  "transform_matrix" : [
    [
      0.25946563482284546,
      -0.80830878019332886,
      0.52850210666656494,
      0.58173590898513794
    ],
    [
      -0.036360085010528564,
      0.53867977857589722,
      0.84172564744949341,
      1.0070881843566895
    ],
    [
      -0.96506762504577637,
      -0.23761528730392456,
      0.11037874221801758,
      0.10609327256679535
    ],
    [
      0,
      0,
      0,
      1
    ]
  ]
},
    {
  "fl_x" : 8532.6486486486483,
  "k2" : -20.487300000000001,
  "k3" : 240.886,
  "k1" : 0.54701900000000003,
  "p2" : 0.00024341400000000001,
  "h" : 3024,
  "cx" : 2016,
  "w" : 4032,
  "cy" : 1512,
  "p1" : -0.060372599999999998,
  "transform_matrix" : [
    [
      -0.33699309825897217,
      -0.49548682570457458,
      0.80058008432388306,
      0.64914649724960327
    ],
    [
      0.33991917967796326,
      0.7289351224899292,
      0.59422934055328369,
      0.55006939172744751
    ],
    [
      -0.87800377607345581,
      0.47238373756408691,
      -0.077220678329467773,
      -0.1041138768196106
    ],
    [
      0,
      0,
      0,
      1
    ]
  ],
  "fl_y" : 8532.6486486486483,
  "file_path" : "images\/IMG_0006.JPG"
},
    {
  "fl_x" : 8532.6486486486483,
  "w" : 4032,
  "p1" : -0.060372599999999998,
  "fl_y" : 8532.6486486486483,
  "h" : 3024,
  "cx" : 2016,
  "k2" : -20.487300000000001,
  "transform_matrix" : [
    [
      -0.95676994323730469,
      0.11194081604480743,
      -0.26844069361686707,
      -0.17479042708873749
    ],
    [
      0.014636363834142685,
      0.94032818078994751,
      0.3399539589881897,
      0.36676919460296631
    ],
    [
      0.29047706723213196,
      0.32132875919342041,
      -0.90131616592407227,
      -0.74067306518554688
    ],
    [
      0,
      0,
      0,
      1
    ]
  ],
  "cy" : 1512,
  "k3" : 240.886,
  "k1" : 0.54701900000000003,
  "file_path" : "images\/IMG_0000.JPG",
  "p2" : 0.00024341400000000001
},
    {
  "h" : 3024,
  "fl_x" : 8532.6486486486483,
  "fl_y" : 8532.6486486486483,
  "w" : 4032,
  "cx" : 2016,
  "cy" : 1512,
  "k1" : 0.54701900000000003,
  "k2" : -20.487300000000001,
  "p2" : 0.00024341400000000001,
  "p1" : -0.060372599999999998,
  "k3" : 240.886,
  "transform_matrix" : [
    [
      -0.63798701763153076,
      0.568290114402771,
      -0.51963329315185547,
      -0.48424327373504639
    ],
    [
      0.10961988568305969,
      0.73495984077453613,
      0.66919165849685669,
      0.69898110628128052
    ],
    [
      0.76220464706420898,
      0.36997348070144653,
      -0.53119075298309326,
      -0.53695869445800781
    ],
    [
      0,
      0,
      0,
      1
    ]
  ],
  "file_path" : "images\/IMG_0003.JPG"
},
    {
  "transform_matrix" : [
    [
      0.46680784225463867,
      0.38091975450515747,
      -0.79811692237854004,
      -0.85172086954116821
    ],
    [
      0.031643971800804138,
      0.89470839500427246,
      0.44552841782569885,
      0.5638425350189209
    ],
    [
      0.88379251956939697,
      -0.23323175311088562,
      0.40560305118560791,
      0.42984470725059509
    ],
    [
      0,
      0,
      0,
      1
    ]
  ],
  "k1" : 0.54701900000000003,
  "fl_x" : 8532.6486486486483,
  "p2" : 0.00024341400000000001,
  "k3" : 240.886,
  "p1" : -0.060372599999999998,
  "cx" : 2016,
  "fl_y" : 8532.6486486486483,
  "k2" : -20.487300000000001,
  "w" : 4032,
  "file_path" : "images\/IMG_0012.JPG",
  "cy" : 1512,
  "h" : 3024
},
    {
  "w" : 4032,
  "fl_x" : 8532.6486486486483,
  "p1" : -0.060372599999999998,
  "file_path" : "images\/IMG_0004.JPG",
  "p2" : 0.00024341400000000001,
  "k2" : -20.487300000000001,
  "transform_matrix" : [
    [
      0.99207276105880737,
      0.036676283925771713,
      -0.12019370496273041,
      -0.037165425717830658
    ],
    [
      0.036619741469621658,
      0.83057487010955811,
      0.55570167303085327,
      0.57273358106613159
    ],
    [
      0.12021094560623169,
      -0.5556979775428772,
      0.82264763116836548,
      0.77428722381591797
    ],
    [
      0,
      0,
      0,
      1
    ]
  ],
  "h" : 3024,
  "k1" : 0.54701900000000003,
  "cy" : 1512,
  "cx" : 2016,
  "fl_y" : 8532.6486486486483,
  "k3" : 240.886
},
    {
  "cx" : 2016,
  "transform_matrix" : [
    [
      0.90295910835266113,
      0.22791469097137451,
      -0.3643072247505188,
      -0.28714421391487122
    ],
    [
      0.022572189569473267,
      0.82143968343734741,
      0.56984853744506836,
      0.59300678968429565
    ],
    [
      0.42913323640823364,
      -0.5227731466293335,
      0.73658192157745361,
      0.67867320775985718
    ],
    [
      0,
      0,
      0,
      1
    ]
  ],
  "k2" : -20.487300000000001,
  "h" : 3024,
  "file_path" : "images\/IMG_0007.JPG",
  "fl_y" : 8532.6486486486483,
  "p2" : 0.00024341400000000001,
  "k3" : 240.886,
  "cy" : 1512,
  "w" : 4032,
  "p1" : -0.060372599999999998,
  "k1" : 0.54701900000000003,
  "fl_x" : 8532.6486486486483
},
    {
  "p1" : -0.060372599999999998,
  "file_path" : "images\/IMG_0001.JPG",
  "fl_x" : 8532.6486486486483,
  "transform_matrix" : [
    [
      0.95176112651824951,
      -0.22038483619689941,
      0.21349765360355377,
      0.21758164465427399
    ],
    [
      0.014406837522983551,
      0.72712385654449463,
      0.6863551139831543,
      0.74548214673995972
    ],
    [
      -0.30650150775909424,
      -0.65017032623291016,
      0.69522327184677124,
      0.70067626237869263
    ],
    [
      0,
      0,
      0,
      1
    ]
  ],
  "cy" : 1512,
  "k1" : 0.54701900000000003,
  "h" : 3024,
  "fl_y" : 8532.6486486486483,
  "k3" : 240.886,
  "p2" : 0.00024341400000000001,
  "k2" : -20.487300000000001,
  "cx" : 2016,
  "w" : 4032
}
  ],
  "ply_file_path": "reconstruction.ply"
}